release_time <- structure(c(
881225278, 882709762, 884392315, 889903555, 894095897,
897828980, 897862405, 900069225, 904294939, 909144521, 910967839,
912776788, 916059350, 920644034, 923491181, 926083543, 930918195,
935749769, 939211984, 943273514, 945260947, 949922690, 951814523,
955701858, 961058601, 966329658, 976875565, 979553881, 983191405,
988284587, 993206462, 999261952, 1008756894, 1012391855, 1020074486,
1024312833, 1033466791, 1036146797, 1042212874, 1050497887, 1055757279,
1065611639, 1069416021, 1081766198, 1087816179, 1096899878, 1100528190,
1113863193, 1119259633, 1128594134, 1135074921, 1145875040, 1149150333,
1159870504, 1166435363, 1177407703, 1183029426, 1191402173, 1196086444,
1202469005, 1208850329, 1214207072, 1219654436, 1224494641, 1229936597,
1239957168, 1246018257, 1251102154, 1256547742, 1260786504, 1271923881,
1275293425, 1287132117, 1292490724, 1298632039, 1302683487, 1310117828,
1317366356, 1320048549, 1324541418, 1330503010, 1333091765, 1340348984,
1351235476, 1362126509, 1364973156, 1368688293, 1380093069, 1394093553,
1397113870, 1404976269, 1414743092, 1425888740, 1429168413, 1434611704,
1439536398, 1449735188, 1457597745, 1460649578, 1462259608, 1466493698,
1477901595, 1488788191, 1492758885, 1498806251), class = c("POSIXct",
"POSIXt"), tzone = "UTC")
