
releases <- structure(list(
  major = c(
    0L, 0L, 0L, 0L, 0L, 0L, 0L, 0L, 0L,
    0L, 0L, 0L, 0L, 0L, 0L, 0L, 0L, 0L, 0L, 0L, 0L, 0L, 1L, 1L, 1L,
    1L, 1L, 1L, 1L, 1L, 1L, 1L, 1L, 1L, 1L, 1L, 1L, 1L, 1L, 1L, 1L,
    1L, 1L, 1L, 1L, 2L, 2L, 2L, 2L, 2L, 2L, 2L, 2L, 2L, 2L, 2L, 2L,
    2L, 2L, 2L, 2L, 2L, 2L, 2L, 2L, 2L, 2L, 2L, 2L, 2L, 2L, 2L, 2L,
    2L, 2L, 2L, 2L, 2L, 2L, 2L, 2L, 2L, 2L, 2L, 2L, 3L, 3L, 3L, 3L,
    3L, 3L, 3L, 3L, 3L, 3L, 3L, 3L, 3L, 3L, 3L, 3L, 3L, 3L, 3L, 3L
  ), minor = c(
    60L, 61L, 61L, 61L, 61L, 62L, 62L, 62L, 62L, 62L,
    63L, 63L, 63L, 63L, 64L, 64L, 64L, 65L, 65L, 90L, 90L, 99L, 0L,
    0L, 1L, 1L, 2L, 2L, 2L, 2L, 3L, 3L, 4L, 4L, 5L, 5L, 6L, 6L, 6L,
    7L, 7L, 8L, 8L, 9L, 9L, 0L, 0L, 1L, 1L, 2L, 2L, 3L, 3L, 4L, 4L,
    5L, 5L, 6L, 6L, 6L, 7L, 7L, 7L, 8L, 8L, 9L, 9L, 9L, 10L, 10L,
    11L, 11L, 12L, 12L, 12L, 13L, 13L, 13L, 14L, 14L, 14L, 15L, 15L,
    15L, 15L, 0L, 0L, 0L, 0L, 1L, 1L, 1L, 1L, 2L, 2L, 2L, 2L, 2L,
    2L, 3L, 3L, 3L, 3L, 4L, 4L
  ), patch = c(
    NA, NA, 1L, 2L, 3L, NA,
    1L, 2L, 3L, 4L, NA, 1L, 2L, 3L, NA, 1L, 2L, NA, 1L, NA, 1L, NA,
    NA, 1L, NA, 1L, NA, 1L, 2L, 3L, NA, 1L, NA, 1L, 0L, 1L, 0L, 1L,
    2L, 0L, 1L, 0L, 1L, 0L, 1L, 0L, 1L, 0L, 1L, 0L, 1L, 0L, 1L, 0L,
    1L, 0L, 1L, 0L, 1L, 2L, 0L, 1L, 2L, 0L, 1L, 0L, 1L, 2L, 0L, 1L,
    0L, 1L, 0L, 1L, 2L, 0L, 1L, 2L, 0L, 1L, 2L, 0L, 1L, 2L, 3L, 0L,
    1L, 2L, 3L, 0L, 1L, 2L, 3L, 0L, 1L, 2L, 3L, 4L, 5L, 0L, 1L, 2L,
    3L, 0L, 1L
  ), date = structure(c(
    10199, 10216, 10236, 10299, 10348,
    10391, 10391, 10417, 10466, 10522, 10543, 10564, 10602, 10655,
    10688, 10718, 10774, 10830, 10870, 10917, 10940, 10994, 11016,
    11061, 11123, 11184, 11306, 11337, 11379, 11438, 11495, 11565,
    11675, 11717, 11806, 11855, 11961, 11992, 12062, 12158, 12219,
    12333, 12377, 12520, 12590, 12695, 12737, 12891, 12954, 13062,
    13137, 13262, 13300, 13424, 13500, 13627, 13692, 13789, 13843,
    13917, 13991, 14053, 14116, 14172, 14235, 14351, 14421, 14480,
    14543, 14592, 14721, 14760, 14897, 14959, 15030, 15077, 15163,
    15247, 15278, 15330, 15399, 15429, 15513, 15639, 15765, 15798,
    15841, 15973, 16135, 16170, 16261, 16374, 16503, 16541, 16604,
    16661, 16779, 16870, 16905, 16924, 16973, 17105, 17231, 17277,
    17347
  ), class = "Date"), datetime = structure(c(
    881225278, 882709762,
    884392315, 889903555, 894095897, 897828980, 897862405, 900069225,
    904294939, 909144521, 910967839, 912776788, 916059350, 920644034,
    923491181, 926083543, 930918195, 935749769, 939211984, 943273514,
    945260947, 949922690, 951814523, 955701858, 961058601, 966329658,
    976875565, 979553881, 983191405, 988284587, 993206462, 999261952,
    1008756894, 1012391855, 1020074486, 1024312833, 1033466791, 1036146797,
    1042212874, 1050497887, 1055757279, 1065611639, 1069416021, 1081766198,
    1087816179, 1096899878, 1100528190, 1113863193, 1119259633, 1128594134,
    1135074921, 1145875040, 1149150333, 1159870504, 1166435363, 1177407703,
    1183029426, 1191402173, 1196086444, 1202469005, 1208850329, 1214207072,
    1219654436, 1224494641, 1229936597, 1239957168, 1246018257, 1251102154,
    1256547742, 1260786504, 1271923881, 1275293425, 1287132117, 1292490724,
    1298632039, 1302683487, 1310117828, 1317366356, 1320048549, 1324541418,
    1330503010, 1333091765, 1340348984, 1351235476, 1362126509, 1364973156,
    1368688293, 1380093069, 1394093553, 1397113870, 1404976269, 1414743092,
    1425888740, 1429168413, 1434611704, 1439536398, 1449735188, 1457597745,
    1460649578, 1462259608, 1466493698, 1477901595, 1488788191, 1492758885,
    1498806251
  ), class = c("POSIXct", "POSIXt"), tzone = "UTC"),
  time = structure(c(
    31678, 47362, 1915, 69955, 28697, 46580,
    80005, 40425, 32539, 43721, 52639, 47188, 46550, 52034, 47981,
    48343, 44595, 37769, 43984, 44714, 44947, 41090, 32123, 31458,
    31401, 32058, 37165, 37081, 45805, 41387, 38462, 45952, 36894,
    43055, 36086, 40833, 36391, 37997, 56074, 46687, 35679, 40439,
    43221, 38198, 40179, 51878, 51390, 80793, 34033, 37334, 38121,
    38240, 30333, 36904, 35363, 34903, 40626, 32573, 51244, 40205,
    27929, 27872, 32036, 33841, 32597, 30768, 43857, 30154, 32542,
    37704, 29481, 29425, 31317, 33124, 40039, 30687, 34628, 25556,
    29349, 29418, 29410, 26165, 25784, 25876, 30509, 25956, 25893,
    25869, 29553, 25870, 25869, 29492, 29540, 26013, 26104, 25998,
    29588, 29745, 57578, 26008, 26498, 29595, 29791, 26085, 25451
  ), class = c("hms", "difftime"), units = "secs"), type = c(
    "patch",
    "minor", "patch", "patch", "patch", "minor", "patch", "patch",
    "patch", "patch", "minor", "patch", "patch", "patch", "minor",
    "patch", "patch", "minor", "patch", "minor", "patch", "minor",
    "major", "patch", "minor", "patch", "minor", "patch", "patch",
    "patch", "minor", "patch", "minor", "patch", "minor", "patch",
    "minor", "patch", "patch", "minor", "patch", "minor", "patch",
    "minor", "patch", "major", "patch", "minor", "patch", "minor",
    "patch", "minor", "patch", "minor", "patch", "minor", "patch",
    "minor", "patch", "patch", "minor", "patch", "patch", "minor",
    "patch", "minor", "patch", "patch", "patch", "patch", "minor",
    "patch", "minor", "patch", "patch", "minor", "patch", "patch",
    "minor", "patch", "patch", "minor", "patch", "patch", "patch",
    "major", "patch", "patch", "patch", "minor", "patch", "patch",
    "patch", "minor", "patch", "patch", "patch", "patch", "patch",
    "minor", "patch", "patch", "patch", "minor", "patch"
  )
), .Names = c(
  "major",
  "minor", "patch", "date", "datetime", "time", "type"
), class = c(
  "tbl_df",
  "tbl", "data.frame"
), row.names = c(NA, -105L), spec = structure(list(
  cols = structure(list(major = structure(list(), class = c(
    "collector_integer",
    "collector"
  )), minor = structure(list(), class = c(
    "collector_integer",
    "collector"
  )), patch = structure(list(), class = c(
    "collector_integer",
    "collector"
  )), date = structure(list(format = ""), .Names = "format", class = c(
    "collector_date",
    "collector"
  )), datetime = structure(list(format = ""), .Names = "format", class = c(
    "collector_datetime",
    "collector"
  )), time = structure(list(format = ""), .Names = "format", class = c(
    "collector_time",
    "collector"
  )), type = structure(list(), class = c(
    "collector_character",
    "collector"
  ))), .Names = c(
    "major", "minor", "patch", "date",
    "datetime", "time", "type"
  )), default = structure(list(),
    class = c("collector_guess", "collector")
  )
), .Names = c("cols", "default"), class = "col_spec"))
